-0.1401277  0.7400921  0.05215144  0.1528925  -0.155959  -0.1408529  0.05995494  0.7419748  0.02836758  0.1625833  0.03215979  0.1756029  0.0135238
-0.1407971  0.7419464  0.05291086  0.152577  -0.1567839  -0.1382943  0.05896321  0.7432876  0.02863222  0.1602013  0.03029633  0.1769445  0.0275332
-0.1412881  0.7449211  0.05395716  0.151282  -0.155967  -0.1341244  0.05800414  0.7451064  0.0291096  0.1581799  0.02872037  0.1790426  0.0417648
-0.1417642  0.7483009  0.05506235  0.1497611  -0.1551335  -0.129924  0.0571427  0.7474299  0.02968413  0.1560673  0.02803033  0.1796858  0.0567296
-0.1422423  0.7522674  0.05634749  0.1472324  -0.1552878  -0.1266186  0.05612743  0.7503542  0.03033733  0.1532279  0.02670004  0.1785664  0.0711242
-0.1424405  0.7570263  0.05763328  0.144041  -0.1560015  -0.1258934  0.05503199  0.7539507  0.03106451  0.1508302  0.02326478  0.1752762  0.08379269
-0.142527  0.7621515  0.05897444  0.1428903  -0.1559676  -0.1240389  0.05384216  0.7583448  0.03203571  0.1488929  0.0180467  0.1690148  0.09706499
-0.1422768  0.7681903  0.0606038  0.1428991  -0.1546547  -0.1213151  0.05279914  0.7638207  0.03325349  0.1481606  0.01161695  0.1594967  0.1109048
-0.1413638  0.7764021  0.06249285  0.139652  -0.153114  -0.1194347  0.05196142  0.770377  0.03460574  0.1483574  0.005229476  0.1436294  0.1250855
-0.1400041  0.7861522  0.06439197  0.1303177  -0.151601  -0.1193119  0.05126226  0.7776569  0.03599608  0.1495803  -0.001519861  0.1240078  0.1392789
-0.1384112  0.7968659  0.06634545  0.1165718  -0.1492126  -0.1188336  0.05033138  0.784992  0.03733999  0.1477061  -0.007612118  0.1099956  0.1527563
-0.1368317  0.8082353  0.06829506  0.100685  -0.1456257  -0.1158761  0.04915252  0.7936421  0.03886002  0.1390211  -0.01165551  0.1065125  0.16731
-0.1354613  0.8195745  0.07028848  0.08645301  -0.1420296  -0.1102822  0.04810342  0.8027475  0.04046756  0.1247841  -0.01187254  0.1126651  0.1806496
-0.1341007  0.8308012  0.07207388  0.07540791  -0.1395043  -0.1047673  0.04739982  0.8120907  0.04223537  0.1084143  -0.008777677  0.1231677  0.1945031
-0.1326347  0.8416717  0.07377207  0.06581902  -0.1372728  -0.1011221  0.04714656  0.8215981  0.04419827  0.0936202  -0.004631629  0.1307301  0.2083025
-0.1308636  0.8537383  0.07551193  0.0547854  -0.1358667  -0.09964556  0.04730615  0.8319876  0.04647285  0.08125533  -0.0009156803  0.1316217  0.2218185
-0.1293416  0.865042  0.07731599  0.0441623  -0.1352643  -0.09804157  0.04778385  0.8419432  0.04872364  0.07294299  0.0009281889  0.1238309  0.2355246
-0.1276541  0.876672  0.07895094  0.03298445  -0.1350281  -0.09555526  0.04846931  0.8524724  0.05094308  0.06625554  0.001903083  0.1103225  0.2512888
-0.1258127  0.8875552  0.08046168  0.02268704  -0.1333637  -0.09300487  0.04926193  0.8626554  0.0530346  0.06017672  0.002062523  0.09645578  0.2640636
-0.1234499  0.8994993  0.08164489  0.0126302  -0.1303469  -0.0909051  0.05016351  0.8728604  0.05502695  0.05193365  0.003714648  0.08783215  0.2780039
-0.1209652  0.9114354  0.08267146  0.00118094  -0.1283923  -0.09075741  0.05111629  0.8832186  0.05694598  0.04085935  0.007313566  0.08563917  0.2918181
-0.1184438  0.9226646  0.08370012  -0.01031552  -0.1280173  -0.09344558  0.05219504  0.8937595  0.05862939  0.0279777  0.01285383  0.08769097  0.305251
-0.1159737  0.9333149  0.08501428  -0.02154678  -0.1278922  -0.09665341  0.05350763  0.9046703  0.0601247  0.01458682  0.01903613  0.08911432  0.319136
-0.1131187  0.9443112  0.08624846  -0.03275383  -0.1284866  -0.1009293  0.05506468  0.9157114  0.06149  0.002653735  0.02395091  0.08604609  0.3330015
-0.1103977  0.9543765  0.08722711  -0.04167787  -0.128141  -0.1017054  0.05687186  0.9260394  0.06250447  -0.007162104  0.02750799  0.07944536  0.3471304
-0.1074694  0.9647157  0.08807212  -0.05014877  -0.1272558  -0.1001704  0.05895159  0.9364893  0.06344968  -0.015742  0.02905965  0.06928591  0.360322
-0.1042221  0.9747518  0.0887208  -0.05943414  -0.1253165  -0.09961604  0.06113973  0.9465003  0.06431526  -0.02335348  0.03010046  0.05830012  0.3745945
-0.100769  0.9845464  0.08951235  -0.06844463  -0.1226405  -0.1002777  0.06334594  0.9566579  0.06508774  -0.03039061  0.03152318  0.04868512  0.3892076
-0.09731719  0.9938453  0.09026325  -0.07803155  -0.1221754  -0.1030405  0.06560844  0.9666582  0.06552714  -0.03937774  0.03425217  0.04216237  0.4029401
-0.09365241  1.002901  0.0908671  -0.08784106  -0.1244293  -0.1078451  0.06803563  0.9765638  0.06588399  -0.05029607  0.03896243  0.03849525  0.4160424
-0.08934826  1.01312  0.0915001  -0.09823458  -0.1268009  -0.1130171  0.07124877  0.9877584  0.06615847  -0.06239043  0.04587571  0.03533173  0.4365655
-0.08524369  1.02014  0.09170198  -0.1047753  -0.1277235  -0.1182032  0.07385075  0.9955081  0.06623912  -0.07127263  0.05150928  0.03283684  0.4475996
-0.08037436  1.028365  0.09176695  -0.1124059  -0.1245751  -0.1222125  0.07698861  1.004145  0.0663147  -0.07930541  0.05741856  0.02708871  0.4577699
-0.07557245  1.036098  0.09193969  -0.1199663  -0.1183067  -0.1228755  0.0800176  1.012255  0.06624168  -0.08529349  0.06192923  0.01996349  0.4718557
-0.07089908  1.043454  0.09206414  -0.1263233  -0.1112813  -0.1213472  0.08283183  1.019972  0.06612468  -0.09063112  0.06502646  0.01371935  0.4861399
-0.0664092  1.050419  0.09208041  -0.1321051  -0.1048898  -0.1176513  0.08554366  1.027319  0.06578696  -0.09732083  0.06729074  0.009004408  0.4994393
-0.0621679  1.0567  0.09208238  -0.1362398  -0.09818076  -0.112551  0.08829957  1.033745  0.06544828  -0.1034543  0.06949534  0.004996938  0.5135119
-0.0575963  1.06242  0.09217387  -0.1380799  -0.09105946  -0.1099037  0.09122467  1.039598  0.06522638  -0.1082317  0.07235473  0.001611409  0.5279345
-0.05307749  1.06766  0.09201574  -0.1401094  -0.08646952  -0.1132285  0.09410349  1.044685  0.06508726  -0.1116051  0.07565541  -0.001349598  0.5419773
-0.04873341  1.072689  0.09158403  -0.1449071  -0.08301008  -0.1205522  0.09678811  1.049629  0.06484705  -0.115307  0.07891398  -0.003103286  0.554738
-0.04490873  1.077675  0.0911836  -0.1510487  -0.08081977  -0.1260056  0.09950194  1.054177  0.06465006  -0.1199572  0.08187623  -0.005025526  0.5694728
-0.04202512  1.081754  0.09088492  -0.1552781  -0.07994037  -0.128274  0.101848  1.057614  0.06457639  -0.1229144  0.08500315  -0.006729796  0.5833666
-0.03928599  1.085759  0.09072673  -0.1583503  -0.08016046  -0.1286446  0.1040566  1.060735  0.06445724  -0.1242934  0.08723874  -0.008826721  0.5966511
-0.03654245  1.089344  0.09051514  -0.1599184  -0.08214567  -0.1287908  0.1061029  1.063696  0.06425947  -0.1262572  0.08834091  -0.01080912  0.6103929
-0.03404021  1.092016  0.09038419  -0.1607291  -0.08145463  -0.1289551  0.1076447  1.065623  0.06401998  -0.1275566  0.08868802  -0.01074342  0.6243313
-0.03149921  1.094471  0.09033912  -0.1609495  -0.07743055  -0.1289193  0.1093548  1.06773  0.06382811  -0.1286005  0.08934766  -0.01029825  0.6383143
-0.02953056  1.096815  0.09048986  -0.1588912  -0.07011837  -0.1247575  0.1110975  1.069762  0.06363016  -0.1300355  0.0911375  -0.009597372  0.6533525
-0.02859059  1.098706  0.09101182  -0.1523793  -0.06098152  -0.112688  0.1128594  1.071255  0.0634008  -0.1314075  0.09359404  -0.008511614  0.6672054
-0.02827927  1.100428  0.09130627  -0.1458554  -0.05475756  -0.09928618  0.1145731  1.072721  0.06315082  -0.1321912  0.09592424  -0.008420113  0.6802049
-0.02807051  1.102307  0.09120041  -0.1429412  -0.05500658  -0.09368366  0.1162918  1.074054  0.06283671  -0.1327484  0.09688052  -0.008384329  0.6944181
-0.02833411  1.104555  0.09108669  -0.1439668  -0.06142319  -0.09679393  0.1183114  1.075246  0.06249404  -0.1326244  0.0965355  -0.009306102  0.7083611
-0.028658  1.106625  0.09085774  -0.1495877  -0.06389955  -0.09887001  0.120189  1.076312  0.0622012  -0.1323072  0.09589191  -0.01081172  0.7221652
-0.02972808  1.108729  0.09037828  -0.1549036  -0.07101291  -0.1043235  0.1224555  1.077531  0.06175607  -0.1330667  0.09541786  -0.0129091  0.7358356
-0.03145996  1.110786  0.08998549  -0.1583362  -0.07412494  -0.1056666  0.1247173  1.078631  0.0613991  -0.1345473  0.09572229  -0.01433948  0.7493317
-0.03358656  1.112926  0.08944899  -0.1605662  -0.07480666  -0.1022754  0.1272942  1.079735  0.0610531  -0.1353464  0.09835877  -0.01494195  0.762706
-0.03677049  1.115061  0.08890498  -0.1614269  -0.07403433  -0.0944588  0.1303457  1.080832  0.060673  -0.1361815  0.102529  -0.01579669  0.7773021
-0.04036427  1.117001  0.0883553  -0.1617414  -0.0737064  -0.08538875  0.1335553  1.081844  0.06018662  -0.1373059  0.107681  -0.0153137  0.7915825
-0.04457521  1.118957  0.08781517  -0.160973  -0.07288595  -0.07546526  0.137162  1.082991  0.05961609  -0.1381998  0.1123113  -0.01530954  0.8059217
-0.04918984  1.12102  0.08726895  -0.1615841  -0.07231258  -0.0678574  0.1409928  1.084294  0.05882931  -0.1395097  0.1164038  -0.01601567  0.819181
-0.05442101  1.123224  0.08651978  -0.1643298  -0.07366452  -0.06270741  0.145202  1.085754  0.05799592  -0.1417826  0.1202474  -0.01761248  0.8385061
-0.0604361  1.125437  0.08543003  -0.1685691  -0.07792041  -0.05977489  0.1495895  1.087277  0.05707943  -0.1443737  0.1238497  -0.01823176  0.8479482
-0.06627406  1.127492  0.08434945  -0.1728259  -0.08255234  -0.0582738  0.1539733  1.088835  0.05615771  -0.1468837  0.1269632  -0.01747573  0.8601212
-0.07344584  1.129684  0.0830853  -0.1784446  -0.08922322  -0.05600546  0.1588295  1.090426  0.05516928  -0.1492013  0.1305122  -0.01815078  0.8744024
-0.08160517  1.131805  0.08183813  -0.1829528  -0.09763691  -0.05073394  0.1646258  1.092164  0.05398607  -0.1525067  0.1352378  -0.02054548  0.888921
-0.09027486  1.133775  0.080791  -0.1858367  -0.105631  -0.04349065  0.1707551  1.093891  0.05288696  -0.1549573  0.1415589  -0.02430961  0.9027061
-0.09955363  1.13559  0.07971776  -0.1876566  -0.1132423  -0.03449962  0.1770814  1.095622  0.0519799  -0.1570765  0.1488155  -0.02867421  0.9162179
-0.1088598  1.137129  0.07874405  -0.1886446  -0.1204511  -0.02546415  0.1834591  1.097281  0.05092692  -0.158835  0.1554084  -0.03319784  0.9303071
-0.1188016  1.138286  0.0778529  -0.1879648  -0.1276947  -0.0157711  0.1898681  1.098711  0.04970467  -0.160511  0.1611227  -0.03768505  0.9442
-0.1294751  1.138807  0.07685149  -0.1871149  -0.1365791  -0.006620343  0.1966589  1.099869  0.04812336  -0.162328  0.1668959  -0.04196178  0.9584237
-0.1392198  1.139185  0.07560295  -0.187522  -0.1463347  -0.0008033584  0.2032169  1.100622  0.04658097  -0.1643694  0.1729971  -0.04578966  0.9732734
-0.1494121  1.138942  0.07400274  -0.1895033  -0.157785  0.00214472  0.2097172  1.100919  0.04515129  -0.1660669  0.1795969  -0.04856393  0.9860131
-0.1593575  1.138109  0.07249999  -0.191843  -0.1688286  0.002631441  0.216048  1.100723  0.0438323  -0.1676232  0.1859397  -0.04970896  0.999678
-0.1694232  1.136731  0.07121319  -0.1925363  -0.1781088  0.0022982  0.2223785  1.100376  0.04249984  -0.1691817  0.1922682  -0.050133  1.013306
-0.1797043  1.134845  0.06990623  -0.1919428  -0.1856403  0.003211197  0.2292712  1.099247  0.04093665  -0.1706715  0.1986632  -0.05109426  1.027179
-0.1904075  1.132367  0.06880558  -0.1892547  -0.1926243  0.007608005  0.2360372  1.097812  0.03951371  -0.171528  0.2048451  -0.05395992  1.041236
-0.2016166  1.129158  0.06759208  -0.1845055  -0.2030099  0.01476816  0.2429114  1.095849  0.03829902  -0.1709039  0.2106992  -0.05681812  1.05613
-0.2126962  1.125359  0.06626618  -0.1794327  -0.2164676  0.02123407  0.2499479  1.093622  0.03725111  -0.1691721  0.2165303  -0.05911871  1.0693
-0.2230237  1.121099  0.06467074  -0.1760757  -0.2309725  0.02373411  0.2571292  1.090931  0.03631008  -0.1676117  0.2231706  -0.06251375  1.082978
-0.2325076  1.116687  0.06288064  -0.1744669  -0.244167  0.02293703  0.2641966  1.087734  0.03531891  -0.1661644  0.2305429  -0.06516056  1.097057
-0.2416191  1.111288  0.06072861  -0.1728244  -0.2545983  0.01898471  0.2711523  1.083976  0.03399426  -0.1640862  0.2376249  -0.06649791  1.110436
-0.2505129  1.105044  0.0585987  -0.1700899  -0.2621753  0.01558394  0.2780776  1.079622  0.03236955  -0.1622355  0.2443802  -0.06697979  1.124668
-0.259482  1.098111  0.05677128  -0.1654225  -0.2698144  0.01372283  0.2851594  1.074324  0.03068656  -0.1582769  0.2508754  -0.06684294  1.138424
-0.2682227  1.090642  0.05527765  -0.1594444  -0.2798668  0.01259766  0.2924932  1.068863  0.02898502  -0.152945  0.2575749  -0.06806198  1.152676
-0.276853  1.082539  0.054106  -0.1526461  -0.2920138  0.009224466  0.3001389  1.062853  0.0269931  -0.1485147  0.2647104  -0.07333604  1.167312
-0.2849336  1.074525  0.05279225  -0.1453457  -0.3047557  0.002465231  0.3075232  1.056489  0.02499169  -0.143573  0.2705372  -0.07965746  1.18011
-0.2928703  1.06559  0.05149221  -0.1371069  -0.3159964  -0.006016545  0.3145629  1.049724  0.02282906  -0.1388019  0.275587  -0.08464506  1.193898
-0.3009087  1.055888  0.05048722  -0.1268661  -0.324224  -0.01172479  0.3214361  1.042667  0.02057797  -0.1345158  0.2811866  -0.08607498  1.208645
-0.30879  1.046286  0.04956144  -0.1164958  -0.330984  -0.01248109  0.3283045  1.035187  0.01842457  -0.129631  0.288959  -0.08559381  1.221541
-0.3164529  1.036206  0.04889464  -0.1046043  -0.3365895  -0.009302712  0.3355055  1.026949  0.01677084  -0.122324  0.2990588  -0.08379213  1.236104
-0.3238976  1.025911  0.04820824  -0.09059032  -0.3401935  -0.002205269  0.3427373  1.018951  0.01530665  -0.1143446  0.3100218  -0.08434384  1.249414
-0.3311295  1.015897  0.04719234  0.07657481  0.3446602  -0.007878497  0.3498037  1.010697  0.01358652  -0.1070104  0.3213658  -0.08827291  1.26474
-0.3377298  1.005576  0.04582894  0.06235582  0.3491142  -0.02390388  0.3561805  1.002233  0.01184291  -0.09992927  0.3319308  -0.09357737  1.277514
-0.3434584  0.9957896  0.04444999  0.04844825  0.3537731  -0.03829728  0.3617112  0.9935618  0.0102616  -0.0922636  0.341579  -0.09702826  1.292049
-0.3471241  0.9865518  0.04274398  0.0376705  0.3587898  -0.04574805  0.3663349  0.984982  0.008941889  -0.08349767  0.3493575  -0.09761981  1.305063
-0.3489875  0.9782073  0.04114532  0.03190129  0.3620289  -0.04073189  0.3704867  0.9766541  0.008057058  -0.07440105  0.3555907  -0.09741113  1.319296
-0.3500642  0.9702961  0.04001814  0.02647517  0.3614039  -0.03006596  0.3742447  0.9684052  0.007128537  -0.064803  0.361274  -0.09712773  1.333404
-0.3509556  0.9627279  0.03894389  0.02093247  0.3584618  -0.02214707  0.3775494  0.9607818  0.005841494  -0.0557155  0.3672814  -0.09684276  1.347423
-0.3519386  0.95517  0.03783232  0.01494677  0.3559092  -0.02048597  0.3802606  0.9534942  0.004492581  -0.0470551  0.3736802  -0.09602617  1.360761
-0.3527547  0.947782  0.03658092  0.008746611  0.353859  -0.02384297  0.3822955  0.9467276  0.002895772  -0.04088528  0.3802465  -0.09396368  1.374305
-0.3532707  0.94045  0.03567439  0.001709775  0.35097  -0.03118024  0.3839057  0.9403708  0.001701832  -0.03437281  0.3847775  -0.09194064  1.389238
-0.3533761  0.9338909  0.0351482  -0.005894783  0.3483272  -0.03906535  0.3851434  0.9347803  0.0007161498  -0.02842866  0.3868293  -0.0899386  1.402546
-0.3532414  0.9279156  0.03447121  -0.01215662  0.346231  -0.04568553  0.3861937  0.9296059  -0.0004581213  -0.02323942  0.3871337  -0.09160698  1.420271
-0.3532582  0.9223653  0.03371668  -0.01732163  0.3451942  -0.05022959  0.3868267  0.925184  -0.001799941  -0.02003881  0.3844663  -0.097398  1.430709
-0.3527125  0.9179233  0.03322583  -0.02126296  0.3465337  -0.04976108  0.3875342  0.9214692  -0.002852798  -0.01738828  0.3829828  -0.1040479  1.444746
-0.3518653  0.9138734  0.03290671  -0.02543536  0.3480656  -0.04653344  0.3880467  0.9180772  -0.003890634  -0.01447331  0.3840226  -0.1082132  1.458304
-0.3507074  0.9104577  0.03281325  -0.02862899  0.348051  -0.04379042  0.3883567  0.9152765  -0.004495859  -0.01185799  0.3869227  -0.1077493  1.471754
-0.3494278  0.9074093  0.0328393  -0.03155513  0.346085  -0.04456187  0.3883902  0.912727  -0.004874647  -0.008647066  0.3901068  -0.1037922  1.485914
-0.3481488  0.9048505  0.03291076  0.03368257  -0.3420811  0.0477322  0.3882816  0.9105934  -0.005065799  -0.004703367  0.3924163  -0.09884211  1.500345
-0.3470912  0.9024956  0.03276563  0.03530623  -0.3383419  0.05144472  0.3879863  0.909035  -0.005464375  -0.002381311  0.3933076  -0.09656399  1.513403
-0.3460562  0.9007443  0.03270382  0.03627015  -0.3363902  0.05437956  0.3875868  0.9078515  -0.005729675  -0.001733767  0.392156  -0.09724841  1.527497
-0.3450275  0.8994398  0.03272623  0.03713109  -0.33781  0.05330255  0.3871036  0.9068531  -0.005979657  -0.0009101497  0.3902612  -0.09912866  1.541606
-0.343885  0.8986509  0.03282779  0.0373734  -0.3410305  0.04756488  0.3865844  0.9064236  -0.005819321  -0.0005475678  0.3873906  -0.1013348  1.554756
-0.342458  0.8979308  0.03295988  -0.03674546  0.3433564  -0.04171245  0.3859645  0.9063446  -0.005686581  -0.0004653045  0.3854122  -0.1006726  1.568992
-0.3409189  0.8972638  0.03324795  -0.03627466  0.3424267  -0.0387116  0.3854704  0.9061677  -0.005870521  -1.645426E-05  0.3858066  -0.09838971  1.583072
-0.3393477  0.8963031  0.03364933  0.03646427  -0.3400317  0.03789207  0.384834  0.9062198  -0.006144524  -6.596406E-05  0.3873143  -0.09388237  1.597188
-0.3376664  0.8955232  0.03412932  0.03736731  -0.3363762  0.03767195  0.3842733  0.906305  -0.006328106  -2.806366E-05  0.3893108  -0.08876374  1.611172
-0.3359474  0.8947566  0.03457147  0.03803417  -0.333056  0.03645264  0.3838249  0.9063727  -0.006360412  0.0008819937  0.3910579  -0.08431329  1.624476
-0.3343947  0.8941127  0.03504711  0.03883395  -0.3305514  0.03370107  0.383509  0.9068549  -0.006288767  0.0006117412  0.3922388  -0.08192783  1.638313
-0.3330846  0.8937121  0.03545702  0.03912604  -0.3293339  0.02925326  0.3831226  0.9072824  -0.006340504  -0.001726824  0.3930298  -0.08072379  1.652035
-0.3320003  0.8933303  0.03575915  0.0386814  -0.3293212  0.02522901  0.3827283  0.9075985  -0.00658673  -0.004472247  0.3937997  -0.08023422  1.666544
-0.3311501  0.8930503  0.03606939  0.03792499  -0.3301347  0.02212739  0.3823003  0.9072605  -0.006595135  -0.005525373  0.3949177  -0.08039021  1.680281
-0.3306053  0.892736  0.03642213  0.03809899  -0.3307094  0.02125179  0.3819012  0.9079846  -0.007061541  -0.007676495  0.3929871  -0.08424802  1.694024

